1 1.000000e+00 0.000000e+00 5.477641e-05 
2 1.000000e+00 0.000000e+00 2.333052e-04 
3 9.999999e-01 0.000000e+00 5.336305e-04 
4 9.999996e-01 0.000000e+00 9.189201e-04 
5 9.999990e-01 0.000000e+00 1.364279e-03 
6 9.999982e-01 0.000000e+00 1.859402e-03 
7 9.999969e-01 0.000000e+00 2.401554e-03 
8 9.999952e-01 0.000000e+00 2.988260e-03 
9 9.999930e-01 0.000000e+00 3.615102e-03 
10 9.999901e-01 0.000000e+00 4.277304e-03 
11 9.999866e-01 0.000000e+00 4.971284e-03 
12 9.999823e-01 0.000000e+00 5.694608e-03 
13 9.999773e-01 0.000000e+00 6.445340e-03 
14 9.999714e-01 0.000000e+00 7.221683e-03 
15 9.999645e-01 0.000000e+00 8.021588e-03 
16 9.999568e-01 0.000000e+00 8.841942e-03 
17 9.999480e-01 0.000000e+00 9.678337e-03 
18 9.999383e-01 0.000000e+00 1.052665e-02 
19 9.999276e-01 0.000000e+00 1.138593e-02 
20 9.999158e-01 0.000000e+00 1.225991e-02 
21 9.999027e-01 0.000000e+00 1.315486e-02 
22 9.998883e-01 0.000000e+00 1.407462e-02 
23 9.998724e-01 0.000000e+00 1.501643e-02 
24 9.998553e-01 0.000000e+00 1.597114e-02 
25 9.998369e-01 0.000000e+00 1.692810e-02 
26 9.998175e-01 0.000000e+00 1.788131e-02 
27 9.997969e-01 0.000000e+00 1.883285e-02 
28 9.997749e-01 0.000000e+00 1.979181e-02 
29 9.997513e-01 0.000000e+00 2.077005e-02 
30 9.997258e-01 0.000000e+00 2.177752e-02 
31 9.996981e-01 0.000000e+00 2.281933e-02 
32 9.996682e-01 0.000000e+00 2.389496e-02 
33 9.996361e-01 0.000000e+00 2.499908e-02 
34 9.996018e-01 0.000000e+00 2.612301e-02 
35 9.995657e-01 0.000000e+00 2.725655e-02 
36 9.995278e-01 0.000000e+00 2.838959e-02 
37 9.994886e-01 0.000000e+00 2.951359e-02 
38 9.994481e-01 0.000000e+00 3.062280e-02 
39 9.994064e-01 0.000000e+00 3.171518e-02 
40 9.993637e-01 0.000000e+00 3.279293e-02 
41 9.993195e-01 0.000000e+00 3.386217e-02 
42 9.992737e-01 0.000000e+00 3.493156e-02 
43 9.992260e-01 0.000000e+00 3.601004e-02 
44 9.991759e-01 0.000000e+00 3.710457e-02 
45 9.991234e-01 0.000000e+00 3.821899e-02 
46 9.990682e-01 0.000000e+00 3.935444e-02 
47 9.990104e-01 0.000000e+00 4.051082e-02 
48 9.989497e-01 0.000000e+00 4.168812e-02 
49 9.988861e-01 0.000000e+00 4.288681e-02 
50 9.988196e-01 0.000000e+00 4.410691e-02 
51 9.987500e-01 0.000000e+00 4.534658e-02 
52 9.986776e-01 0.000000e+00 4.660111e-02 
53 9.986026e-01 0.000000e+00 4.786291e-02 
54 9.985256e-01 0.000000e+00 4.912260e-02 
55 9.984468e-01 0.000000e+00 5.037065e-02 
56 9.983669e-01 0.000000e+00 5.159903e-02 
57 9.982862e-01 0.000000e+00 5.280236e-02 
58 9.982048e-01 0.000000e+00 5.397842e-02 
59 9.981228e-01 0.000000e+00 5.512792e-02 
60 9.980403e-01 0.000000e+00 5.625389e-02 
61 9.979568e-01 0.000000e+00 5.736075e-02 
62 9.978724e-01 0.000000e+00 5.845329e-02 
63 9.977867e-01 0.000000e+00 5.953573e-02 
64 9.976996e-01 0.000000e+00 6.061100e-02 
65 9.976110e-01 0.000000e+00 6.168046e-02 
66 9.975209e-01 0.000000e+00 6.274425e-02 
67 9.974294e-01 0.000000e+00 6.380218e-02 
68 9.973364e-01 0.000000e+00 6.485500e-02 
69 9.972418e-01 0.000000e+00 6.590545e-02 
70 9.971451e-01 0.000000e+00 6.695870e-02 
71 9.970460e-01 0.000000e+00 6.802191e-02 
72 9.969437e-01 0.000000e+00 6.910324e-02 
73 9.968377e-01 0.000000e+00 7.021046e-02 
74 9.967275e-01 0.000000e+00 7.134990e-02 
75 9.966125e-01 0.000000e+00 7.252573e-02 
76 9.964925e-01 0.000000e+00 7.373986e-02 
77 9.963674e-01 0.000000e+00 7.499203e-02 
78 9.962372e-01 0.000000e+00 7.628006e-02 
79 9.961021e-01 0.000000e+00 7.760006e-02 
80 9.959622e-01 0.000000e+00 7.894652e-02 
81 9.958182e-01 0.000000e+00 8.031247e-02 
82 9.956705e-01 0.000000e+00 8.168960e-02 
83 9.955199e-01 0.000000e+00 8.306870e-02 
84 9.953672e-01 0.000000e+00 8.444006e-02 
85 9.952132e-01 0.000000e+00 8.579416e-02 
86 9.950588e-01 0.000000e+00 8.712233e-02 
87 9.949046e-01 0.000000e+00 8.841741e-02 
88 9.947513e-01 0.000000e+00 8.967430e-02 
89 9.945993e-01 0.000000e+00 9.089027e-02 
90 9.944487e-01 0.000000e+00 9.206490e-02 
91 9.942996e-01 0.000000e+00 9.319964e-02 
92 9.941518e-01 0.000000e+00 9.429702e-02 
93 9.940052e-01 0.000000e+00 9.535966e-02 
94 9.938598e-01 0.000000e+00 9.638942e-02 
95 9.937156e-01 0.000000e+00 9.738682e-02 
96 9.935728e-01 0.000000e+00 9.835094e-02 
97 9.934317e-01 0.000000e+00 9.927977e-02 
98 9.932927e-01 0.000000e+00 1.001709e-01 
99 9.931561e-01 0.000000e+00 1.010219e-01 
100 9.930222e-01 0.000000e+00 1.018315e-01 
101 9.928912e-01 0.000000e+00 1.025992e-01 
102 9.927630e-01 0.000000e+00 1.033255e-01 
103 9.926376e-01 0.000000e+00 1.040121e-01 
104 9.925149e-01 0.000000e+00 1.046612e-01 
105 9.923948e-01 0.000000e+00 1.052753e-01 
106 9.922769e-01 0.000000e+00 1.058571e-01 
107 9.921611e-01 0.000000e+00 1.064092e-01 
108 9.920472e-01 0.000000e+00 1.069342e-01 
109 9.919350e-01 0.000000e+00 1.074347e-01 
110 9.918241e-01 0.000000e+00 1.079135e-01 
111 9.917145e-01 0.000000e+00 1.083735e-01 
112 9.916058e-01 0.000000e+00 1.088178e-01 
